cpu		: 2.66GHz Intel Core i7
mem		: 8 GB 1067 MHz DDR3
platform	: OS X 10.9.5
ide		: Unity 4.5.2

Encode:	20.6416311035156 s
Pack:	4.25333813476562 s
EncodeAndPack:	23.1437219238281 s
Unpack:	5.24424096679688 s
Decode:	1.0881181640625 s
UnpackAndDecode:	6.29951806640625 s
