cpu		: 2.66GHz Intel Core i7
mem		: 8 GB 1067 MHz DDR3
platform	: OS X 10.9.5
ide		: Unity 4.5.2

Encode:	20.4341501464844 s
Pack:	4.5742958984375 s
EncodeAndPack:	26.1116420898437 s
Unpack:	4.53784399414062 s
Decode:	32.3203901367188 s
UnpackAndDecode:	37.2077700195313 s
