cpu		: 2.66GHz Intel Core i7
mem		: 8 GB 1067 MHz DDR3
platform	: OS X 10.9.5
ide		: Unity 4.5.2

Encode: 20.1517348632812 s
Pack: 4.08395092773438 s
EncodeAndPack: 22.8812868652344 s
Unpack: 5.246375 s
Decode: 1.08425903320313 s
UnpackAndDecode: 6.19672094726563 s